   0  0  0.313
   1  0  0.146
   2  0  0.019
   3  0  0.168
   4  0  0.067
   5  0  0.104
   6  0  0.036
   7  0  1.401
   8  0  7.140
   9  0  1.466
  10  0  0.420
  11  0  0.567
  12  0  0.042
  13  0  0.312
  14  0  0.007
  15  0  0.017
  16  0  0.133
  17  0  0.949
  18  0  0.999
  19  0  0.011
  20  0  0.017
  21  0  3.062
  22  0  0.176
  23  0  0.018
  24  0  0.332
  25  0  0.053
  26  0  0.099
  27  0  0.193
  28  0  0.263
  29  0  0.105
  30  0  1.941
  31  0  0.232
  32  0  0.002
  33  0  0.270
  34  0  0.498
  35  0  0.974
  36  0  2.065
  37  0  0.024
  38  0  0.819
  39  0  0.187
  40  0  0.323
  41  0  0.435
  42  0  0.435
  43  0  0.001
  44  0  0.001
  45  0  0.413
  46  0  0.540
  47  0  0.582
  48  0  0.036
  49  0  0.834
  50  0  1.387
  51  0  0.714
  52  0  0.006
  53  0  1.365
  54  0  0.024
  55  0  0.000
  56  0  0.032
  57  0  0.972
  58  0  0.891
  59  0  0.087
  60  0  0.076
  61  0  0.576
  62  0  0.588
  63  0  0.826
  64  0  0.130
  65  0  0.723
  66  0  0.210
  67  0  0.000
  68  0  0.456
  69  0  0.008
  70  0  0.860
  71  0  0.037
  72  0  1.513
  73  0  2.019
  74  0  3.061
  75  0  0.266
  76  0  0.890
  77  0  0.013
  78  0  0.058
  79  0  0.185
  80  0  1.016
  81  0  0.157
  82  0  0.004
  83  0  0.003
  84  0  0.379
  85  0  0.163
  86  0  0.039
  87  0  0.060
  88  0  0.611
  89  0  0.184
  90  0  0.149
  91  0  0.077
  92  0  0.062
  93  0  0.819
  94  0  0.587
  95  0  0.101
  96  0  1.134
  97  0  0.257
  98  0  0.850
  99  0  0.054
